4.118173113523192
1.6592054485098207
6.949087412295162
7.044751731349735
1.5029862603466881
3.4518860774127846
6.824743396424776
3.7758114253789032
8.71427857990081
9.882949414606452
6.6249448146981855
1.7118840999618523
2.4244872248745244
3.567732925883492
0.5770807669418054
6.034820872790378
7.040289631486354
6.583449742986932
8.864725675394844
1.3148804435320494
3.0683998163040127
7.196643043929142
3.170109417004363
4.066472398067863
5.050850780310396
9.262312042824698
2.219572509709631
3.258930217385231
9.646234346041846
0.606049022055507
7.053988536248207
7.871968973093529
7.802520544738031
5.4602946969959
0.5215350408847552
7.001508514075062
3.6487120132279083
2.598079335613953
0.5780740243702176
7.250050987725347
6.726731427811343
5.192393452902611
2.380801292298207
4.176821447883943
3.491587324332918
0.6265852242147529
9.873710926549805
9.436395092586768
8.626989801962594
8.490955970605581
3.5888138870194664
2.9005486695197624
6.655245333007991
2.822985741541392
7.724938674550344
9.536591553893546
9.564385276403453
0.2833921466853162
6.216332758418232
4.1064461937852945
6.732135472008293
9.407484221129863
4.466176092789537
2.8542633962258135
9.29546560069183
7.331042791247624
0.6955064068641403
0.26637320728383873
2.296104531323916
9.462227173311646
8.445945864351515
0.7158903483831802
4.426543328020393
4.455765547452469
9.675014619866408
9.345303282222133
7.0076921189620425
1.542961317575997
6.095699828294161
3.8938985585510433
0.9484951346056769
9.78080532484806
4.93734501420877
9.342882545787072
2.8694500409264645
9.105755816742487
4.14281247732246
0.22957931743328497
9.316117709041922
1.21250835940641
1.1672647528067315
1.2731009681043126
1.045349160355934
4.225348769960718
9.006798141222669
5.557400363282712
7.736099841399816
8.889443073722996
2.8605534456269996
0.9336331342734039
7.158334948849979
